102 1
0.38397
0.55323
0.61619
0.68289
0.68104
0.61109
0.59596
0.64796
0.7775
0.90466
0.87854
0.91043
0.93917
0.81958
0.82266
3.53
4.4243
3.8955
3.943
3.2491
1.709
0.73128
0.92049
2.6863
3.359
2.2629
0.91701
0.94171
0.98
1.5851
3.3766
4.474
4.5317
4.2668
3.7219
3.2058
2.4645
1.3204
0.81131
0.59725
1.6381
2.6413
2.8603
2.4772
2.1661
2.0478
1.774
1.2785
1.1061
1.3189
1.8981
2.451
2.6033
2.1243
1.2659
1.4467
3.4803
3.8218
2.6119
2.0738
1.4464
0.9285
1.002
0.95293
0.5845
0.49434
0.94494
2.1997
2.7016
2.8857
3.2687
2.7006
1.4885
1.0097
0.99414
0.85479
0.63403
0.57339
0.65954
0.66404
0.57917
0.54445
0.63828
0.6989
0.71435
0.75669
0.88658
1.0645
1.075
1.0996
1.0737
0.90482
0.82454
0.77294
0.67754
0.59209
0.56019
0.53573
0.52071
0.6368
0.73428
0.67554
